Loc_avg = cell(1,14);
Loc_avg{1} = [0.00410521610110584,0.00491757012243551,0.00571963603009554,0.00551353773310883,-0.000367878413512399,-0.000351361614036932,0.00252687790813868,0.00195033418779249];
Loc_avg{2} = [-0.00290010006597563,-0.00435597075349110,0.00893248151296452,0.00630283475263696,-0.0125695061510720,-0.0135974622763878,0.000340344684702972,-0.000782895479426480];
Loc_avg{3} = [-0.00506633201826046,-0.00480256169938824,0.00651796032641771,0.00277950629544567,-0.00829628217738189,-0.00394358995644222,0.00424036477068231,0.000499989877753095];
Loc_avg{4} = [-0.00546989949145882,-0.00602486117134474,0.00521266826170223,0.00518382968002652,-0.00602727518904526,-0.00809717320983638,0.00179426919146535,0.00182187569545061];
