%% External Functions

% radiusofcurv --> Provides radii of curvature and centers of the circles
% closestDiscrete --> Provides the closest index and value
% findZeros --> Finds the zeros from an array

%% Data Arrays

% SData_x: x-data
% SData_y: y-data

SData_x = 1e9.*[0;1.96000000000000e-09;3.91000000000000e-09;5.87000000000000e-09;7.82000000000000e-09;9.78000000000000e-09;1.17000000000000e-08;1.37000000000000e-08;1.56000000000000e-08;1.76000000000000e-08;1.96000000000000e-08;2.15000000000000e-08;2.35000000000000e-08;2.54000000000000e-08;2.74000000000000e-08;2.93000000000000e-08;3.13000000000000e-08;3.33000000000000e-08;3.52000000000000e-08;3.72000000000000e-08;3.91000000000000e-08;4.11000000000000e-08;4.30000000000000e-08;4.50000000000000e-08;4.69000000000000e-08;4.89000000000000e-08;5.09000000000000e-08;5.28000000000000e-08;5.48000000000000e-08;5.67000000000000e-08;5.87000000000000e-08;6.06000000000000e-08;6.26000000000000e-08;6.45000000000000e-08;6.65000000000000e-08;6.85000000000000e-08;7.04000000000000e-08;7.24000000000000e-08;7.43000000000000e-08;7.63000000000000e-08;7.82000000000000e-08;8.02000000000000e-08;8.21000000000000e-08;8.41000000000000e-08;8.61000000000000e-08;8.80000000000000e-08;9.00000000000000e-08;9.19000000000000e-08;9.39000000000000e-08;9.58000000000000e-08;9.78000000000000e-08;9.98000000000000e-08;1.02000000000000e-07;1.04000000000000e-07;1.06000000000000e-07;1.08000000000000e-07;1.10000000000000e-07;1.11000000000000e-07;1.13000000000000e-07;1.15000000000000e-07;1.17000000000000e-07;1.19000000000000e-07;1.21000000000000e-07;1.23000000000000e-07;1.25000000000000e-07;1.27000000000000e-07;1.29000000000000e-07;1.31000000000000e-07;1.33000000000000e-07;1.35000000000000e-07;1.37000000000000e-07;1.39000000000000e-07;1.41000000000000e-07;1.43000000000000e-07;1.45000000000000e-07;1.47000000000000e-07;1.49000000000000e-07;1.51000000000000e-07;1.53000000000000e-07;1.55000000000000e-07;1.56000000000000e-07;1.58000000000000e-07;1.60000000000000e-07;1.62000000000000e-07;1.64000000000000e-07;1.66000000000000e-07;1.68000000000000e-07;1.70000000000000e-07;1.72000000000000e-07;1.74000000000000e-07;1.76000000000000e-07;1.78000000000000e-07;1.80000000000000e-07;1.82000000000000e-07;1.84000000000000e-07;1.86000000000000e-07;1.88000000000000e-07;1.90000000000000e-07;1.92000000000000e-07;1.94000000000000e-07;1.96000000000000e-07;1.98000000000000e-07;2.00000000000000e-07;2.01000000000000e-07;2.03000000000000e-07;2.05000000000000e-07;2.07000000000000e-07;2.09000000000000e-07;2.11000000000000e-07;2.13000000000000e-07;2.15000000000000e-07;2.17000000000000e-07;2.19000000000000e-07;2.21000000000000e-07;2.23000000000000e-07;2.25000000000000e-07;2.27000000000000e-07;2.29000000000000e-07;2.31000000000000e-07;2.33000000000000e-07;2.35000000000000e-07;2.37000000000000e-07;2.39000000000000e-07;2.41000000000000e-07;2.43000000000000e-07;2.44000000000000e-07;2.46000000000000e-07;2.48000000000000e-07;2.50000000000000e-07;2.52000000000000e-07;2.54000000000000e-07;2.56000000000000e-07;2.58000000000000e-07;2.60000000000000e-07;2.62000000000000e-07;2.64000000000000e-07;2.66000000000000e-07;2.68000000000000e-07;2.70000000000000e-07;2.72000000000000e-07;2.74000000000000e-07;2.76000000000000e-07;2.78000000000000e-07;2.80000000000000e-07;2.82000000000000e-07;2.84000000000000e-07;2.86000000000000e-07;2.88000000000000e-07;2.89000000000000e-07;2.91000000000000e-07;2.93000000000000e-07;2.95000000000000e-07;2.97000000000000e-07;2.99000000000000e-07;3.01000000000000e-07;3.03000000000000e-07;3.05000000000000e-07;3.07000000000000e-07;3.09000000000000e-07;3.11000000000000e-07;3.13000000000000e-07;3.15000000000000e-07;3.17000000000000e-07;3.19000000000000e-07;3.21000000000000e-07;3.23000000000000e-07;3.25000000000000e-07;3.27000000000000e-07;3.29000000000000e-07;3.31000000000000e-07;3.33000000000000e-07;3.34000000000000e-07;3.36000000000000e-07;3.38000000000000e-07;3.40000000000000e-07;3.42000000000000e-07;3.44000000000000e-07;3.46000000000000e-07;3.48000000000000e-07;3.50000000000000e-07;3.52000000000000e-07;3.54000000000000e-07;3.56000000000000e-07;3.58000000000000e-07;3.60000000000000e-07;3.62000000000000e-07;3.64000000000000e-07;3.66000000000000e-07;3.68000000000000e-07;3.70000000000000e-07;3.72000000000000e-07;3.74000000000000e-07;3.76000000000000e-07;3.77000000000000e-07;3.79000000000000e-07;3.81000000000000e-07;3.83000000000000e-07;3.85000000000000e-07;3.87000000000000e-07;3.89000000000000e-07;3.91000000000000e-07;3.93000000000000e-07;3.95000000000000e-07;3.97000000000000e-07;3.99000000000000e-07;4.01000000000000e-07;4.03000000000000e-07;4.05000000000000e-07;4.07000000000000e-07;4.09000000000000e-07;4.11000000000000e-07;4.13000000000000e-07;4.15000000000000e-07;4.17000000000000e-07;4.19000000000000e-07;4.21000000000000e-07;4.22000000000000e-07;4.24000000000000e-07;4.26000000000000e-07;4.28000000000000e-07;4.30000000000000e-07;4.32000000000000e-07;4.34000000000000e-07;4.36000000000000e-07;4.38000000000000e-07;4.40000000000000e-07;4.42000000000000e-07;4.44000000000000e-07;4.46000000000000e-07;4.48000000000000e-07;4.50000000000000e-07;4.52000000000000e-07;4.54000000000000e-07;4.56000000000000e-07;4.58000000000000e-07;4.60000000000000e-07;4.62000000000000e-07;4.64000000000000e-07;4.66000000000000e-07;4.67000000000000e-07;4.69000000000000e-07;4.71000000000000e-07;4.73000000000000e-07;4.75000000000000e-07;4.77000000000000e-07;4.79000000000000e-07;4.81000000000000e-07;4.83000000000000e-07;4.85000000000000e-07;4.87000000000000e-07;4.89000000000000e-07;4.91000000000000e-07;4.93000000000000e-07;4.95000000000000e-07;4.97000000000000e-07;4.99000000000000e-07;5.01000000000000e-07;5.03000000000000e-07;5.05000000000000e-07;5.07000000000000e-07;5.09000000000000e-07;5.10000000000000e-07;5.12000000000000e-07;5.14000000000000e-07;5.16000000000000e-07;5.18000000000000e-07;5.20000000000000e-07;5.22000000000000e-07;5.24000000000000e-07;5.26000000000000e-07;5.28000000000000e-07;5.30000000000000e-07;5.32000000000000e-07;5.34000000000000e-07;5.36000000000000e-07;5.38000000000000e-07;5.40000000000000e-07;5.42000000000000e-07;5.44000000000000e-07;5.46000000000000e-07;5.48000000000000e-07;5.50000000000000e-07;5.52000000000000e-07;5.54000000000000e-07;5.55000000000000e-07;5.57000000000000e-07;5.59000000000000e-07;5.61000000000000e-07;5.63000000000000e-07;5.65000000000000e-07;5.67000000000000e-07;5.69000000000000e-07;5.71000000000000e-07;5.73000000000000e-07;5.75000000000000e-07;5.77000000000000e-07;5.79000000000000e-07;5.81000000000000e-07;5.83000000000000e-07;5.85000000000000e-07;5.87000000000000e-07;5.89000000000000e-07;5.91000000000000e-07;5.93000000000000e-07;5.95000000000000e-07;5.97000000000000e-07;5.99000000000000e-07;6.00000000000000e-07;6.02000000000000e-07;6.04000000000000e-07;6.06000000000000e-07;6.08000000000000e-07;6.10000000000000e-07;6.12000000000000e-07;6.14000000000000e-07;6.16000000000000e-07;6.18000000000000e-07;6.20000000000000e-07;6.22000000000000e-07;6.24000000000000e-07;6.26000000000000e-07;6.28000000000000e-07;6.30000000000000e-07;6.32000000000000e-07;6.34000000000000e-07;6.36000000000000e-07;6.38000000000000e-07;6.40000000000000e-07;6.42000000000000e-07;6.43000000000000e-07;6.45000000000000e-07;6.47000000000000e-07;6.49000000000000e-07;6.51000000000000e-07;6.53000000000000e-07;6.55000000000000e-07;6.57000000000000e-07;6.59000000000000e-07;6.61000000000000e-07;6.63000000000000e-07;6.65000000000000e-07;6.67000000000000e-07;6.69000000000000e-07;6.71000000000000e-07;6.73000000000000e-07;6.75000000000000e-07;6.77000000000000e-07;6.79000000000000e-07;6.81000000000000e-07;6.83000000000000e-07;6.85000000000000e-07;6.87000000000000e-07;6.88000000000000e-07;6.90000000000000e-07;6.92000000000000e-07;6.94000000000000e-07;6.96000000000000e-07;6.98000000000000e-07;7.00000000000000e-07;7.02000000000000e-07;7.04000000000000e-07;7.06000000000000e-07;7.08000000000000e-07;7.10000000000000e-07;7.12000000000000e-07;7.14000000000000e-07;7.16000000000000e-07;7.18000000000000e-07;